-2.219980471648911 -2.095815786514355 -1.6013056416908689 -2.4723542221566377 -0.4539020683360703 -1.5811800254969386 0.018563384644223208
-2.08322601464604 -1.7667639538484348 -1.3939363213933733 3.036048575523019 -0.32101439076412613 -1.6231870693407164 0.02633164042402884
-2.085700953907096 -1.77271903068787 -1.3976892262974672 2.9363592297534544 -0.32341935026410396 -1.6224268390394276 0.026295317187656382
-2.088175893168152 -1.7786741075273051 -1.401442131201561 2.8366698839838898 -0.3258243097640818 -1.6216666087381388 0.02594963778796801
-2.090650832429208 -1.7846291843667403 -1.4051950361056549 2.736980538214325 -0.3282292692640596 -1.62090637843685 0.02592774106476922
-2.093125771690264 -1.7905842612061755 -1.4089479410097487 2.6372911924447604 -0.33063422876403736 -1.6201461481355612 0.02559982418763852
-2.0956007109513197 -1.7965393380456107 -1.4127008459138426 2.5376018466751957 -0.33303918826401513 -1.6193859178342724 0.025599343166116294
-2.0980756502123756 -1.802494414885046 -1.4164537508179365 2.437912500905631 -0.33544414776399295 -1.6186256875329836 0.025297133431188945
-2.1005505894734315 -1.808449491724481 -1.4202066557220303 2.3382231551360664 -0.33784910726397077 -1.6178654572316948 0.02532408391680133
-2.1030255287344874 -1.8144045685639163 -1.4239595606261242 2.2385338093665017 -0.34025406676394854 -1.617105226930406 0.02505524679977657
-2.1055004679955434 -1.8203596454033515 -1.427712465530218 2.138844463596937 -0.34265902626392636 -1.6163449966291172 0.025113841295842175
-2.1079754072565993 -1.8263147222427867 -1.4314653704343119 2.0391551178273724 -0.3450639857639042 -1.6155847663278284 0.024886184603977655
-2.110450346517655 -1.8322697990822219 -1.4352182753384057 1.9394657720578077 -0.34746894526388195 -1.6148245360265396 0.02368946804398273
-2.112925285778711 -1.838224875921657 -1.4389711802424996 1.839776426288243 -0.3498739047638597 -1.6140643057252508 0.0217926566471025
-2.115400225039767 -1.8441799527610923 -1.4427240851465934 1.7400870805186783 -0.35227886426383753 -1.613304075423962 0.019730247857276288
-2.117875164300823 -1.8501350296005274 -1.4464769900506873 1.6403977347491137 -0.35468382376381535 -1.6125438451226732 0.017367551930286503
-2.120350103561879 -1.8560901064399626 -1.4502298949547812 1.540708388979549 -0.3570887832637931 -1.6117836148213844 0.014493231548915856
-2.1228250428229347 -1.8620451832793978 -1.453982799858875 1.4410190432099843 -0.35949374276377094 -1.6110233845200956 0.012967366579849912
-2.1252999820839906 -1.868000260118833 -1.4577357047629689 1.3413296974404196 -0.36189870226374876 -1.610263154218807 0.01318925089700898
-2.1277749213450465 -1.8739553369582682 -1.4614886096670627 1.241640351670855 -0.3643036617637265 -1.6095029239175183 0.014889489354429275
-2.1302498606061024 -1.8799104137977034 -1.4652415145711566 1.1419510059012903 -0.3667086212637043 -1.6087426936162297 0.017658410410726928
-2.1327247998671583 -1.8858654906371386 -1.4689944194752504 1.0422616601317256 -0.3691135807636821 -1.6079824633149409 0.021627432066523938
-2.1351997391282143 -1.8918205674765738 -1.4727473243793443 0.942572314362161 -0.37151854026365994 -1.6072222330136523 0.025478974342511222
-2.13767467838927 -1.897775644316009 -1.4765002292834382 0.8428829685925965 -0.3739234997636377 -1.6064620027123635 0.02590797376664329
-2.140149617650326 -1.9037307211554442 -1.480253134187532 0.7431936228230319 -0.37632845926361547 -1.605701772411075 0.025959399193066165
-2.142624556911382 -1.9096857979948794 -1.4840060390916259 0.6435042770534674 -0.3787334187635933 -1.6049415421097861 0.026347723937360106
-2.145099496172438 -1.9156408748343146 -1.4877589439957197 0.5438149312839028 -0.3811383782635711 -1.6041813118084975 0.02642113497296568
-2.147574435433494 -1.9215959516737497 -1.4915118488998136 0.44412558551433823 -0.3835433377635489 -1.6034210815072087 0.026830276803923393
-2.15004937469455 -1.927551028513185 -1.4952647538039074 0.34443623974477366 -0.38594829726352664 -1.6026608512059202 0.02693392182274881
-2.152524313955606 -1.9335061053526201 -1.4990176587080015 0.2447468939752091 -0.3883532567635044 -1.6019006209046314 0.027339798674109985
-2.1549992532166624 -1.9394611821920553 -1.5027705636120956 0.1450575482056445 -0.3907582162634822 -1.6011403906033428 0.027473356304669745
-2.1574741924777183 -1.9454162590314903 -1.5065234685161895 0.04536820243607992 -0.39316317576346005 -1.600380160302054 0.027859090441391562
-2.1599491317387747 -1.9513713358709253 -1.5102763734202833 -0.05432114333348467 -0.3955681352634378 -1.5996199300007654 0.028015461006335778
-2.1624240709998306 -1.9573264127103605 -1.5140292783243774 -0.15401048910304926 -0.39797309476341564 -1.5988596996994766 0.028370253140589913
-2.164899010260887 -1.9632814895497956 -1.5177821832284712 -0.2536998348726138 -0.4003780542633934 -1.598099469398188 0.028537758973689088
-2.167373949521943 -1.9692365663892306 -1.5215350881325653 -0.3533891806421784 -0.4027830137633712 -1.5973392390968992 0.02885542124384168
-2.169848888782999 -1.9751916432286656 -1.5252879930366592 -0.45307852641174295 -0.405187973263349 -1.5965790087956107 0.02902005999894218
-2.172323828044055 -1.9811467200681008 -1.5290408979407533 -0.5527678721813075 -0.4075929327633268 -1.5958187784943219 0.029297522595905217
-2.1747987673051115 -1.9871017969075357 -1.5327938028448471 -0.6524572179508721 -0.4099978922633046 -1.5950585481930333 0.029444897660147483
-2.1772737065661674 -1.993056873746971 -1.5365467077489412 -0.7521465637204366 -0.4124028517632824 -1.5942983178917445 0.029681021774257778
-2.1797486458272237 -1.999011950586406 -1.540299612653035 -0.8518359094900012 -0.41480781126326016 -1.593538087590456 0.025541675548242496
-2.1822235850882796 -2.004967027425841 -1.5440525175571291 -0.9515252552595658 -0.417212770763238 -1.592777857289167 0.015976759400261296
-2.184698524349336 -2.010922104265276 -1.547805422461223 -1.0512146010291303 -0.41961773026321575 -1.5920176269878785 0.009528755029578895
-2.187173463610392 -2.016877181104711 -1.551558327365317 -1.150903946798695 -0.42202268976319357 -1.5912573966865897 0.0036920224256681775
-2.1896484028714482 -2.022832257944146 -1.555311232269411 -1.2505932925682597 -0.42442764926317134 -1.5904971663853011 0.0
-2.026599707172171 -1.761447257164271 -1.3563619674977518 3.0345428729215103 -0.3546553393638514 -1.5582303036841934 0.026633771235563857
-2.216481505519801 -2.0897658354656974 -1.5968737137177815 -2.3727142891761783 -0.4521063315985598 -1.5807647809946606 0.003315456361299228
-2.212982539390691 -2.08371588441704 -1.5924417857446942 -2.273074356195719 -0.4503105948610493 -1.5803495364923825 0.0
-2.1648587474845473 -2.0417156021421365 -1.5583630745707466 -2.4813011532446625 -0.4112083954772377 -1.5981477662747405 0.0
-2.0847837616309812 -1.9652253139434674 -1.4893557731418718 -0.3549729884382607 -0.4433354236503674 -1.5754244949755571 0.029350835778975203
-2.2099899138264285 -2.0836270346698047 -1.5915739830669642 -2.273256604629188 -0.4516739995669049 -1.5805015497855435 0.0
-2.151596591956109 -2.0926885480310182 -1.5553783691564838 -2.324723027734259 -0.41856520058164376 -1.6058919272343617 0.0
-2.0396307780381213 -1.917331423250159 -1.4654020290224208 -0.3511290612704348 -0.4080540599965665 -1.5135047804071184 0.028916128895206367
-2.207822713794096 -2.0813232710330833 -1.5904367261417895 -2.2737354175964075 -0.44994948751724057 -1.5774716628670087 0.0
-2.1479399814825366 -2.0398852939634544 -1.6274335142581757 -2.4785714688982563 -0.48438647898486675 -1.5755828293186602 0.0
-1.9957146197983051 -1.8375962961078247 -1.453595991046434 -0.3503064254614258 -0.438806533787477 -1.4884467150702683 0.029290500380323953
-2.2057495946776777 -2.077507380106128 -1.5899087029085464 -2.2744010806129302 -0.45145980236995586 -1.5762770189402204 0.0
-2.243368459119353 -2.019339934312296 -1.5899195127288341 -2.4872246987806728 -0.408126068440681 -1.5471472633718546 0.0
-2.0122397357823116 -1.6989578166247754 -1.312212134631366 3.0247220001539166 -0.33927968615882964 -1.4981737216368016 0.02647725075500625
-2.212716470618576 -2.082561599855587 -1.591626203467181 -2.2732168355819096 -0.45002646194988444 -1.5792422803748747 0.0
-2.1585382663670956 -2.0773994545791368 -1.632069406949525 -2.3089920895908285 -0.4860943236841685 -1.586698962672982 0.0022599580441320798
-2.1847146316263535 -2.022074075699194 -1.558471610199346 -1.2503460474288768 -0.4275243589647695 -1.5908659754837058 0.0005990011522987472
-2.182255799642315 -2.027270970293677 -1.5653848930333751 -1.3497881480590586 -0.4330260281663454 -1.5904745542808219 0.0
-2.01608354776735 -1.6182863689158355 -1.3286649171407663 3.024679216439371 -0.2845822288094953 -1.4835164739163949 0.02596393442873978
-2.1558848127598615 -2.0688477176815723 -1.6264179989382814 -2.2096436825608645 -0.482340829238338 -1.584777018986695 0.0
-2.0914771034773056 -2.0829822272529137 -1.5649066450015918 -2.2986819275921415 -0.4669083961433603 -1.564644547409209 0.0
-2.007971405047808 -1.7818283357313003 -1.386518131433771 -0.34525314527719764 -0.4841608153225734 -1.5010053800625647 0.03002708701248483
-2.151041665920987 -2.0626832111641082 -1.6198436104798066 -2.2112191393082004 -0.48599805588978745 -1.5824323495285157 0.0
-2.101025970158992 -2.0540156953137676 -1.5741916131735767 -2.2870373157746857 -0.4385668951147126 -1.594103556880414 0.0
-2.094336455735592 -1.8687896182845325 -1.446803565047393 1.036746798805397 -0.2888287719758383 -1.572398037220843 0.020792317075846608
-2.1566296482937477 -2.0711978147824754 -1.6265617471070637 -2.2095285752711433 -0.4802299314881214 -1.5862738188255565 0.0
-2.1641224978706104 -1.9861438423434599 -1.6221308850353373 -2.3071784892957106 -0.5245655083698426 -1.5943888377706952 0.0
-1.9865651975183387 -1.7411886931591565 -1.3131463998484039 -0.32976935276862646 -0.5291995706011374 -1.5164502959732347 0.017835588486837223
-2.150115133130669 -2.0609320619930833 -1.6164487577458 -2.212050999172308 -0.48820559168910244 -1.5832582269621267 0.0
-2.1025162832549285 -2.083944003419306 -1.588665151860403 -2.298149528294853 -0.44765200584678405 -1.5289113862170547 0.0
-2.1571743897600912 -2.0103329653907576 -1.5317622649039302 -1.2877934128770376 -0.45120358299447827 -1.5106956477376756 0.0089921016853527
-2.15840606916622 -2.070898864938019 -1.6223468826843859 -2.2100098166299995 -0.48271245011000175 -1.579332148519772 0.0
-2.1480430279871188 -2.028277202348992 -1.5866728838403235 -2.2416163017051773 -0.4722218015842302 -1.6128536244783978 0.0
-1.9584654820987115 -1.729453863003684 -1.3028169551383268 -0.3271814506858896 -0.5222023768439773 -1.422055675528664 0.011809597435190219
-2.148805201253347 -2.060472729081566 -1.6160520582428615 -2.2125817154256624 -0.4878508945932017 -1.5786894583309639 0.0
-2.076792865541936 -2.0573540365165686 -1.6527436493457766 -2.292315173813781 -0.5295008481292995 -1.6047599835669235 0.0
-2.1909251128854055 -1.9985083670292414 -1.4607635486747106 -0.3569401149473567 -0.33772528661377454 -1.6228384035367451 0.028186996986735692
-2.1601844877062946 -2.073389425639647 -1.6233619411188411 -2.2097694124442073 -0.4785527350097791 -1.5885359281429918 0.0
-2.0809511413476445 -2.0536516031362844 -1.6057271794421009 -2.292126613385601 -0.46984407456539223 -1.5400744010239968 0.0
-1.9155779145159129 -1.6457370889224143 -1.2989734318361659 -0.35563330707243274 -0.5150036940165686 -1.4386706220104368 0.0
-2.0954392990496378 -2.018648570638261 -1.6311454256842906 -2.286532386489914 -0.4432903709274881 -1.571553548077129 0.0
-1.9035547819315668 -1.6809238759696505 -1.3261865529044912 -0.30741908197252954 -0.5160433718382235 -1.3615988090364741 0.0018189009829061914
-2.1463458224115755 -2.0584413393795193 -1.61744312806266 -2.2132836684266386 -0.48752638541925636 -1.5759354380718973 0.0
-2.1002566857160327 -2.0117835750263615 -1.594277614511905 -2.2947142877182896 -0.5053768324707595 -1.6038431558667365 0.0
-1.9342608377962955 -1.6675302053786114 -1.2895323801623597 3.0029848705423072 -0.37961777038560823 -1.4803534630911614 0.02679945697313246
-2.1543427093052623 -2.0697320319861907 -1.62566156800276 -2.2096209554138255 -0.48410246717877603 -1.5847095577890042 0.0
-2.1778144264195753 -2.005228871816958 -1.6583122604972151 -2.2697001584458083 -0.43941676569788046 -1.5896142675292402 0.0
-1.8431984913845831 -1.6789779699502476 -1.3645561372221413 -0.3083274174114905 -0.48008648594408027 -1.301704035274581 0.014895054200740403
-2.143528313144694 -2.0584348699579573 -1.6193359620004937 -2.213761847402735 -0.4858083548004414 -1.5731334030187676 0.0
-2.0926451828360886 -2.0924016392668325 -1.5622319728364413 -2.314749915026575 -0.4981681106096655 -1.606111327531542 0.0
-2.0763141157539637 -2.024232695543227 -1.5108187739276582 -1.3208518698795502 -0.4919971707701938 -1.5192282553149266 0.03128772814203469
-2.150337544133921 -2.072096805422649 -1.6199763326569443 -2.210438764213135 -0.4866830510711519 -1.5799696924306832 0.0
-2.100324434172446 -2.0712492852093316 -1.6531108892497128 -2.2592126075377164 -0.4981280724265958 -1.5274725054239218 0.00047898251836545736
-2.078839894256767 -2.0291786312606965 -1.5257872703771784 -1.4195632379565157 -0.49264211430391314 -1.5200955136883518 0.0313921469997325
-2.0813656727595706 -2.034124566978166 -1.5407557668266985 -1.5182746060334813 -0.4932870578376325 -1.520962772061777 0.03064454049243981
-2.0838914512623745 -2.0390705026956355 -1.5557242632762187 -1.6169859741104469 -0.49393200137135185 -1.5218300304352024 0.026921004361666463
-2.086417229765178 -2.044016438413105 -1.5706927597257387 -1.7156973421874124 -0.49457694490507126 -1.5226972888086276 0.00810950320011981
-2.088943008267982 -2.0489623741305745 -1.585661256175259 -1.814408710264378 -0.4952218884387906 -1.523564547182053 0.0
-1.783620396412675 -1.6170903031987558 -1.3277559145067488 -0.3001445397536787 -0.5145663290901428 -1.2984959452614568 0.0
-2.0267869490402965 -2.051418834336441 -1.619957541037795 -2.261503670851563 -0.5080208194038399 -1.4727300941955859 0.0
-1.8590105317248735 -1.680715655671092 -1.294549352741034 -0.3150220393375703 -0.4623957110336189 -1.2347097931670485 0.0
-2.052920268399792 -2.0702301210354808 -1.6366497755429272 -2.2735243050340666 -0.4323076558362767 -1.4732167575075252 0.0
-1.8593390002879024 -1.6573392209109217 -1.2291238777877087 2.978608816841953 -0.3831456292750553 -1.4751537363242389 0.026846802103782468
-2.0957588003308265 -2.0634074759908825 -1.64507816537618 -2.1599784987950064 -0.4959496514109244 -1.5264812905654013 0.0
-2.0838838203030283 -1.9912841946368995 -1.63179610021371 -2.256464380418668 -0.44956675734428003 -1.5047741310577178 0.0
-1.8065841630001545 -1.6219988947005914 -1.1821290387102137 2.9556743034262474 -0.41494251146859484 -1.4280109748085406 0.007112358740232911
-2.0947454793026075 -2.0627167552845003 -1.6441656177069772 -2.160167220905948 -0.4965481443882824 -1.5255834508915835 0.0
-2.058276992521156 -1.9946730945863573 -1.623202752002263 -2.2762859290821926 -0.4799953492201114 -1.4982610513827601 0.0
-1.7673852942621038 -1.5683256584609828 -1.207812332880292 2.9328955182141674 -0.36763618699865935 -1.3814680976821256 0.0
-2.0475610334245937 -1.994287117763087 -1.672340621403115 -2.2667971543130747 -0.4806275933865494 -1.551121471752019 0.0
-1.799586752311903 -1.6293398652987665 -1.3343378386662705 -0.29137174876769323 -0.5006360788144593 -1.238370404810532 0.0
-2.0386582129044335 -2.0727237376678036 -1.6532733765506336 -2.1983173191538627 -0.5251414771696301 -1.4855545312459444 0.0
-1.9208025969772453 -1.603151191773641 -1.290255464505116 -0.3352690636283135 -0.47652867071776045 -1.3565148860760914 0.0
-2.0848626621456345 -2.0431848582241616 -1.6212890872179637 -2.2395777308267304 -0.43623697769444064 -1.4662788908171926 0.0
-1.7744803533341607 -1.697052972909859 -1.3507307381888958 -0.3223682260965411 -0.4557923779509485 -1.238675294840137 0.016683497871969138
-2.0843757977401056 -2.05293401944224 -1.6383107091107383 -2.164412582979475 -0.4960559261486407 -1.5133371505559572 0.0
-2.0631000698648334 -2.0727600150472805 -1.605321135103118 -2.187199369964062 -0.46718912640958177 -1.5410768808000879 0.0
-1.7605859380715774 -1.647419280824275 -1.3702087689508364 -0.31016849384995987 -0.4248156046339996 -1.162153048401057 0.005065565817811632
-2.0839649181147517 -2.05084048890851 -1.6394882299605777 -2.165359780021924 -0.49459783812036606 -1.509881182709703 0.0
-2.0955292780781765 -2.06897833555255 -1.6288118435099752 -2.24008541402259 -0.4780778914253109 -1.434663312173055 0.0
-1.684127784832235 -1.6672291136685642 -1.3465021185666441 -0.28561527077223353 -0.4442332837907667 -1.1150381990843874 0.004690540544218488
-2.0807015830671287 -2.0522005310152327 -1.6386548904706835 -2.1661613858553848 -0.49558703944511945 -1.5080270413701977 0.0
-2.0440362809388564 -2.065779888120115 -1.625743971840173 -2.1887298837616056 -0.5310606299804446 -1.528115649727083 0.0
-1.769779316554865 -1.5815735536470044 -1.3807128055252667 -0.3434445470762867 -0.38391018755567646 -1.1102980741408224 0.0
-2.092901506705507 -1.9989428151659456 -1.678618427154576 -2.22024664529493 -0.5255992097311417 -1.4851283151564723 0.0
-1.6238466642416116 -1.6750016897423377 -1.3348877340242378 -0.2395839322722306 -0.46041149654173585 -1.0534731039305605 0.005131486413914792
-2.0785543071678934 -2.0531448509147006 -1.6385713683271443 -2.1669363765417797 -0.4964048133387491 -1.5058156143330943 0.0
-2.220583558623498 -2.03515691397226 -1.5445058336001778 -2.3611310950875484 -0.40795452647154307 -1.5341269025654545 0.0
-1.7366948972534864 -1.5745401239176007 -1.2097908953124372 2.946658290891412 -0.44734089045849174 -1.3969138068462346 0.0
-2.095846668582349 -2.0263318484349377 -1.6126773696521028 -2.252896405468652 -0.4576867483494506 -1.4592661356319572 0.0
-1.7673265258247912 -1.626899399630713 -1.122042417738361 2.936194652401288 -0.3738846384876968 -1.3754827422354516 0.0
-2.071435427865161 -2.0229050091267244 -1.6012441104742448 -2.2362774118068547 -0.46204877342178186 -1.4794063580414736 0.0
-1.988767861043465 -1.7521053597176757 -1.213229518872401 -0.31183116535209043 -0.5342890050006127 -1.4093651692275966 0.0
-2.0819483138627417 -2.057679360746695 -1.6355667617108012 -2.2706820457803056 -0.5076444136580585 -1.4328772086206145 0.0
-1.546965947300891 -1.6671344730677204 -1.3295819246183447 -0.23224498068840288 -0.40617860386693083 -1.0851629097487896 0.0008134081696900304
-2.075292700361353 -2.0529687407763038 -1.6384757275688715 -2.167520665907169 -0.4939686447216562 -1.5074641811211231 0.0
-2.0274794049366074 -2.053557336653713 -1.6290042600485815 -2.2727662034120075 -0.47641296837124936 -1.4713991481565336 0.0
-1.501785602533622 -1.6221339025772112 -1.279772370763117 -0.2145712678378199 -0.3501497988363144 -1.0862147309783312 0.0
-2.0435607857050684 -2.0043569479358347 -1.6438702227742708 -2.2196047486166544 -0.49596027411188615 -1.5020868466377815 0.0
-1.5006986130131423 -1.6201422251619593 -1.2787638650739548 -0.24032014275764063 -0.3953094015430589 -1.0314484848965182 0.0
-2.06028874554147 -2.0855487086971634 -1.6313563563935403 -2.233041996829213 -0.4968358375777284 -1.44361047773434 0.0
-1.4890167455008003 -1.6819162027299912 -1.2654666030168147 -0.25811972684341095 -0.36676452466817083 -1.0946309553329678 0.0
-2.0305876933214972 -2.072212603359308 -1.6174417499073472 -2.2404601787491676 -0.4438344003850005 -1.5512236124081142 0.0
-1.4918584925782516 -1.6735986897777868 -1.3138300718274818 -0.23213331072174365 -0.4438830665351257 -1.0126948306056678 0.0
-2.0934638561086727 -1.9967778311458653 -1.6309709710599167 -2.2351530802772364 -0.4518094997079161 -1.4929400860160722 0.0
-1.489524854836719 -1.601887357041503 -1.308085678853239 -0.19969554125539538 -0.40005392717466154 -1.114899562095718 0.0
-2.0806457959400713 -2.012918585800291 -1.5957399073186467 -2.2162328054651588 -0.4786319422456671 -1.5011763335008304 0.0
-1.477670823282153 -1.6201675383577503 -1.3510121813461438 -0.19338098385570154 -0.3997153060613545 -1.053844345614686 0.0
-2.076035396843091 -2.0353323675180737 -1.631206116108801 -2.2075402669900193 -0.44288187677407603 -1.4836772352333623 0.0
-1.5132173825176327 -1.638653507695492 -1.2436017375727615 -0.21659988249947867 -0.42504173407984813 -1.092692162259638 0.0
-2.0440897313858937 -2.0759861798486066 -1.6043324594478212 -2.2440024763755755 -0.4529140495005179 -1.4809942432079457 0.0
-2.136689925584971 -1.8646035771303962 -1.4701874224554934 1.841790696115508 -0.28645123193066196 -1.5529213623280391 0.022843950391300816
-2.101207957004015 -2.066228695797728 -1.6486666468356865 -2.1595761139725633 -0.4929852484407733 -1.5280908016503376 0.0
-2.051793056880566 -2.018938029425926 -1.6585915032509007 -2.193546669502451 -0.48361918164411777 -1.5463319189062406 0.0
-1.51505868712579 -1.638891761790114 -1.3024927137588072 -0.23959102292993312 -0.4069234220093778 -0.9991633075861283 0.0
-2.013580854893426 -2.0457917230027705 -1.6552005903146048 -2.226408721053124 -0.5108736147736477 -1.5032949680884473 0.0
-1.520889398534824 -1.623797822924085 -1.304261730961384 -0.28395872961848273 -0.3697351761880606 -1.0322629957359606 0.0
-2.0349785404424585 -2.052333480134844 -1.6205809078949442 -2.222320940154848 -0.4633452413008794 -1.4857224594279803 0.0
-1.7262034067379233 -1.6076432163630547 -1.1499331501594314 2.9396376034079443 -0.4508502027569083 -1.4553922684498701 0.0
-2.0204140964162747 -2.064247373095442 -1.6653832725865154 -2.2211816802436535 -0.5422570788273472 -1.5320528020207316 0.0
-1.5283999389241103 -1.6199100878880301 -1.2799877208089012 -0.20796195231742093 -0.38797866172785045 -1.0215651710694218 0.0
-2.0277261140161493 -2.0780547524280015 -1.5964518131609475 -2.2641441546484495 -0.4722792049602208 -1.5554087635303215 0.0
-1.4966210417513515 -1.6799508200258133 -1.2726943996346007 -0.21683278793107003 -0.43137495979813806 -1.0286602620295864 0.0
-2.0522724244039994 -2.0126459947797533 -1.6274112925773387 -2.2196063016732164 -0.46992421467539397 -1.4923716167936527 0.0
-1.5279372541448817 -1.6303536052046566 -1.2616996839029455 -0.23969823660049516 -0.3594273519785313 -1.0472703324460093 0.0
-2.041294620272055 -2.0252969788417303 -1.5953990740036383 -2.2535277742663395 -0.4664651892940551 -1.53366584812379 0.0
-1.4800796377315593 -1.652312492312709 -1.2832889876106142 -0.21287310522362943 -0.35408350111879094 -1.0765417049298598 0.0
-2.0727738551373327 -2.064269003022674 -1.5878041210774683 -2.2103387436380224 -0.504122074774746 -1.4774456661305397 0.0
-1.7571877308434665 -1.5897204644213099 -1.1549600550153747 2.9303886294850017 -0.35048895671811037 -1.4594166387443366 0.0
-2.073297577498698 -2.0477144344983316 -1.5975895343909456 -2.2047095677130684 -0.48823800478938806 -1.4768301892545486 0.0
-2.0816102043352878 -2.0735604117117457 -1.4817540553296227 -1.7305738589755137 -0.5154612126772654 -1.499535043311731 0.019356993298903134
-2.096964660297953 -2.071664202761965 -1.622347121847572 -2.164305861605947 -0.5012398986830785 -1.522456880621783 0.0
-2.107819470219823 -2.0222555179464163 -1.6032515016942683 -2.20891789740955 -0.5200789604040355 -1.482238919154896 0.0
-1.6144337055091802 -1.609010527715905 -1.358057612214243 -0.20711683808771258 -0.48367260157909087 -0.9949536347376692 0.0
-2.0903885204277812 -1.9979604076181994 -1.6758141505530704 -2.2258469927855855 -0.527480138142054 -1.4823086708200057 0.0
-2.0502260216578203 -1.8695252647043372 -1.4786672697942025 1.844041262428806 -0.39967994648839 -1.582213437676114 0.020725273309302853
-2.0991066085463563 -2.066345643172828 -1.6488703973974266 -2.1594679756746245 -0.49573492971827054 -1.5288031845162642 0.0
-2.113517304358902 -2.024643982163938 -1.6612742143391328 -2.178757580189218 -0.47721389093936084 -1.5014563639950669 0.0
-1.483363713870967 -1.6336950173818778 -1.2926674499564503 -0.20107364812653827 -0.3730720203476059 -1.1226620086791903 0.0
-2.058124816722189 -2.0772007212594006 -1.5743709725611699 -2.266975274604305 -0.48874981154491237 -1.484628749300963 0.0
-1.4983667427634122 -1.676734636101494 -1.262832089813823 -0.2639277716837073 -0.4280761705953714 -1.0450741199474036 0.0
-2.0367292416960576 -2.0645701315801293 -1.6244567863010264 -2.227884656078078 -0.4753240474512763 -1.4675682594378294 0.0
-1.7408111009548133 -1.568562705495491 -1.1315258823072536 2.9536493383698037 -0.4018643368469494 -1.4189192522236895 0.0
-2.062221535680478 -2.0152849177150376 -1.5972246603863756 -2.2563116150802522 -0.45822512143760363 -1.501162300824928 0.0
-1.4723603896449693 -1.6166467378568061 -1.3169053368769923 -0.25820053069639104 -0.40093095878542595 -1.0531773641345792 0.0
-2.0794759770841384 -2.0174496900639585 -1.62871537569707 -2.1989572715195984 -0.47832512527366855 -1.482163101508886 0.0
-1.5050900122565736 -1.603270498112727 -1.273212849375771 -0.25349663318057997 -0.4115693202298265 -1.1077379749060754 0.0
-2.0484124507026498 -2.055004061583665 -1.6345829995987757 -2.2273110936462395 -0.48844441185552 -1.4527297725594988 0.0
-1.9768491767109007 -1.7446752822149458 -1.2302406282098082 -0.31253365972543284 -0.5790904120367902 -1.5317444285605328 0.0
-2.0698277153927336 -2.046610042263441 -1.6021977763100728 -2.198659002452564 -0.5055209095447746 -1.481111749907478 0.0
-1.5064533255636887 -1.643948680799188 -1.2627716492170846 -0.26436831683333695 -0.42722200682397626 -1.0417716654180078 0.0
-2.018194215500054 -2.074370161413882 -1.6560713416013668 -2.2295875776514897 -0.500691506277148 -1.4789760164216383 0.002706265035538775
-2.0734988301128148 -2.0497640813292817 -1.5868596596245783 -1.8130052596208646 -0.49573477043292646 -1.5144184275462091 0.0
-1.4971905028518888 -1.627374087495107 -1.2626795313756989 -0.21592189927523697 -0.3741936771933473 -1.0718923360500967 0.0
-2.100020583369154 -1.9929167317812677 -1.6211568726442498 -2.213713238500729 -0.516660559058035 -1.5481899842135383 0.0
-1.754126240359467 -1.6318185659825515 -1.2149930715445232 2.954466827620367 -0.362313345762667 -1.3705617914089523 0.024675407149133625
-2.0131462731088154 -2.0659103133096246 -1.6476396576908554 -2.1304888210645627 -0.49804625941557457 -1.4769035623046123 0.0
-2.242402696853113 -2.0078178597216647 -1.6282597553559455 -2.4864025519552633 -0.4325087861369177 -1.5618912629594668 0.0
-1.5270060788154498 -1.5968659493030248 -1.2633024499970615 -0.23114390520901762 -0.41454148742397695 -1.099298654274671 0.0
-1.9994360009623264 -2.0098390648285567 -1.6347434311197369 -2.1617634811833475 -0.4800879842452266 -1.4810674306560496 0.0
-1.6080820676179437 -1.6709797121546055 -1.3090342700801048 -0.29012499865497476 -0.4373096401603348 -0.976150374851108 0.0
-1.9748524923043749 -2.0629489431582093 -1.5954931818802782 -2.206637768678 -0.48085973288450246 -1.4206549704692997 0.0
-1.5329157807903924 -1.583957955898361 -1.3750776127206872 -0.22380213134224652 -0.39430525964907226 -1.0606242836931352 0.0
-2.016841030623927 -2.075226953940448 -1.5951269538929285 -2.1617012773549416 -0.5140271485237373 -1.4402871642543944 0.0
-1.4876168293967476 -1.6120362582526324 -1.345290014668127 -0.25224298892636104 -0.4470153722578526 -1.118742112375999 0.0
-2.028588104316305 -2.088671466913752 -1.619541313356883 -2.2290637583797484 -0.460588490268075 -1.3968512911978752 0.0
-1.4915018926391908 -1.6052728644914396 -1.3505398437220204 -0.21516592442121235 -0.3610744608851746 -1.0669539071790126 0.0
-1.9740009426844056 -2.076833450540333 -1.6071218604476185 -2.157781827482356 -0.5152373299153605 -1.4623270405782436 0.0
-1.4747651183771304 -1.6223669264018312 -1.3117821670622607 -0.20041511521127703 -0.4149494392539569 -1.0480683305018743 0.0
-1.9549392662694 -2.051947656896287 -1.654393042164168 -2.1711332276378954 -0.5261386338140669 -1.4411770923021228 0.0
-1.8243710142224772 -1.5339717504629045 -1.1662877378342584 2.9505636410900213 -0.44412085455803724 -1.3996136437270859 0.0
-1.9863625049478861 -2.0547998427108 -1.608803707656952 -2.162325791253978 -0.47525451678982117 -1.444359152512313 0.0
-1.506343807788214 -1.6502602984983505 -1.2648373043853753 -0.22024481754303704 -0.4077324871509058 -1.0241152259587554 0.0
-1.9660639400751634 -2.023656400439876 -1.6190733310067766 -2.191681270416537 -0.46307225070871016 -1.4568491204277367 0.0
-1.64797304466369 -1.6708266778962484 -1.2758545561349022 -0.22197412866338173 -0.4251912584105827 -0.9874049527914309 0.0
-1.987993849485723 -2.0749797369168754 -1.6113350315478927 -2.1939003067444434 -0.47137218916037626 -1.4085982840617557 0.0
-1.99822907253436 -1.7663753107358364 -1.261904838300783 -0.34005112892589306 -0.6097243701127086 -1.5127176792649164 0.008202064435654476
-2.0171745768362213 -2.058640574175145 -1.6359408868661491 -2.133087170759715 -0.5062599173717334 -1.4806992349368342 0.0
-2.0190928718352934 -2.0302119911357335 -1.6432835815074411 -2.1686793759410774 -0.46282830350354615 -1.426609133314218 0.0
-1.7810431243586817 -1.5910625975137054 -1.107986542856729 2.949220364972231 -0.46828782401408064 -1.4255380255669072 0.0
-1.969362126629185 -2.0464955214466563 -1.5901423393383105 -2.192322183436688 -0.5274772152724252 -1.4986130831944218 0.0
-1.6354611305479343 -1.6219157759879166 -1.2742660933472663 -0.25568728835351107 -0.4762963081962701 -0.9999907582777279 0.0
-1.963908572626768 -2.0232973599222315 -1.64077789760975 -2.166972568430209 -0.5016003427042417 -1.4619676910169588 0.0
-2.1650547387844896 -1.8481280148983215 -1.5029397468585446 1.8346386759343136 -0.2357008825324265 -1.4806404581362989 0.023352430840667522
-2.0217896409385667 -2.068831322584673 -1.6523223883846332 -2.1300875749740342 -0.494204030893897 -1.4790167651262458 0.0
-2.0098310575567577 -2.0522652299735133 -1.5930629525886055 -2.1615964087752606 -0.47159698044397913 -1.4775330920868832 0.0
-1.7440676670700945 -1.6276129871241263 -1.155883600305237 2.938804665459438 -0.48149435231188165 -1.4536549694477536 0.0
-1.9451057605931446 -2.071222380624384 -1.6367550969153364 -2.229877965350076 -0.5173015012304032 -1.415737771116375 0.006156746843957842
-2.05664613394235 -2.0731328302276144 -1.5101008021976872 -1.8218870977046744 -0.5157977665045579 -1.484210113628323 0.009352915194421576
-2.031682063549412 -2.072705248743483 -1.5384475490657517 -1.913200336433835 -0.5161343203318504 -1.468885183944915 0.0
-2.1790438073580116 -1.8458057120071196 -1.44303764262605 1.8321928955596352 -0.1675179100539339 -1.4411974460732968 0.02357494479594256
-2.022126276158911 -2.068782772169405 -1.6508636104714591 -2.130295021051591 -0.4925468863552269 -1.4780524975708988 0.0
-1.8882476673478432 -2.0207217655088408 -1.605978955142778 -2.180916336671605 -0.49495507698393426 -1.4350528026618874 0.003967660042018282
-2.016047610118592 -2.060497252822166 -1.5332156889020425 -1.9084440444892488 -0.5107728844841546 -1.4723589709146054 0.005256471756114215
-1.975449086294834 -2.0478616754167183 -1.5563305756063979 -1.9950009912738231 -0.5057480024637513 -1.4605078282008876 0.0
-2.0235392130357472 -1.9817664241614772 -1.524347882787178 -1.9225319656778803 -0.4528545709162298 -1.4616962344519264 0.030439290181126698
-1.931974414462077 -2.008131249588694 -1.5795954790770141 -2.097405515716271 -0.48134803174808133 -1.4436640621327925 0.011778835608213033
-1.9757011615763105 -1.9955407336685471 -1.55321200301125 -2.0138946947609373 -0.4677409865122284 -1.4522753216036979 0.0290618751381756
-2.019427908690544 -1.9829502177484004 -1.526828526945486 -1.9303838738056034 -0.4541339412763755 -1.460886581074603 0.03043355564349088
-2.0235392130357472 -1.9817664241614772 -1.524347882787178 -1.9225319656778803 -0.4528545709162298 -1.4616962344519264 0.030439290181126698
